image: ist_map1.pgm
resolution: 0.050000
origin: [-40.902240, -15.530690, 0.0]
negate: 0
occupied_thresh: 0.65
free_thresh: 0.196
