image: ist_map2_meitu_1.png
resolution: 0.050000
origin: [-66.180591, -26.700604, 0.0]
negate: 0
occupied_thresh: 0.65
free_thresh: 0.196
