image: ist_map_meitu.png
resolution: 0.050000
origin: [-13.032298, -8.740125, 0.0]
negate: 0
occupied_thresh: 0.65
free_thresh: 0.196
