image: ist_map_meitu_2.png
resolution: 0.050000
origin: [-11.687518, -6.113870, 0.0]
negate: 0
occupied_thresh: 0.65
free_thresh: 0.196
