image: OBS.pgm
resolution: 0.050000
origin: [-11.500595, -43.167361, 0.0]
negate: 0
occupied_thresh: 0.65
free_thresh: 0.196
